10less,10to15,15to20,20to25,25to35,35to50,50to75,75to100,100to150,150plus
0.049951612,0.095963792,0.079658648,0.06470249,0.10780164,0.125074536,0.153090451,0.104761532,0.114546574,0.104448724
0.072244268,0.093753674,0.112948266,0.096972369,0.153960905,0.154122575,0.148515579,0.069900059,0.056768078,0.040814227
0.050378925,0.067015518,0.087152652,0.096030314,0.187477445,0.173330927,0.181162035,0.069866474,0.053157705,0.034428004
0.06663877,0.066847997,0.067423371,0.066769537,0.126242285,0.142012763,0.185218119,0.106287269,0.090386024,0.082173868
0.130759504,0.133545404,0.11629653,0.091045602,0.120564293,0.127696989,0.131727654,0.051588556,0.051687347,0.045088121
0.068531209,0.068827561,0.088794221,0.07699574,0.134524912,0.158696055,0.167975551,0.092813484,0.08907205,0.053769217
0.089527117,0.091174637,0.076400392,0.072731321,0.129993766,0.146424437,0.167298958,0.095440378,0.07801229,0.052996705
0.064792406,0.071560032,0.082783856,0.075951018,0.139555105,0.152199116,0.179117455,0.097905949,0.08447214,0.051662923
0.056516081,0.0449101,0.057498738,0.060393594,0.110588798,0.144450641,0.191565081,0.109367116,0.123788277,0.100921573
0.092550869,0.085595332,0.096649667,0.082721205,0.135846601,0.139128123,0.149956404,0.083933455,0.074769536,0.058848809
0.085257429,0.106268774,0.110138294,0.096128221,0.149804642,0.153681691,0.138022931,0.070479474,0.05045433,0.039764215
0.083432219,0.091100263,0.085670297,0.078993616,0.127600451,0.140510702,0.152917762,0.088727,0.081051446,0.069996245
0.039832285,0.056632492,0.062232561,0.067459292,0.123201516,0.156428592,0.183624824,0.130438528,0.100083283,0.080066626
0.064194338,0.093520528,0.086731631,0.07617882,0.132037131,0.151780354,0.165427423,0.092088856,0.078926708,0.059114211
0.099356552,0.103111905,0.093563234,0.085182386,0.125850106,0.135398777,0.142588903,0.078953997,0.066886492,0.069107646
0.114969863,0.095001845,0.064455287,0.056459879,0.084443807,0.109824101,0.141498216,0.080077084,0.106215917,0.147054
0.057139009,0.085021552,0.096551724,0.077020474,0.13362069,0.16096444,0.190409483,0.079498922,0.070581897,0.04919181
0.063853791,0.080606949,0.071920126,0.074514892,0.127369134,0.151793773,0.15077843,0.092903881,0.095329422,0.090929603
0.073065993,0.095058415,0.085838333,0.084117461,0.13621724,0.14545311,0.168455952,0.092595516,0.067508683,0.051689296
0.055230669,0.071402787,0.0750367,0.073207711,0.117247852,0.153779511,0.190648088,0.110268813,0.099824321,0.053353548
0.161352541,0.125570088,0.100034155,0.073815121,0.126474193,0.141100597,0.135334418,0.061961304,0.047214353,0.02714323
0.067817535,0.099110693,0.104969659,0.089746809,0.150292948,0.157606194,0.161268048,0.07774639,0.056831973,0.034609751
0.104618268,0.102655681,0.093373174,0.073163832,0.109091552,0.119275788,0.129318576,0.083896177,0.09218855,0.092418402
0.073842954,0.079563183,0.079657732,0.081406893,0.129579729,0.150522385,0.165602988,0.099891268,0.077955846,0.061977025
0.076092044,0.08274831,0.09125065,0.07949818,0.144643786,0.151547062,0.172399896,0.081838274,0.07225689,0.047724909
0.060097883,0.105565983,0.096216254,0.076885295,0.13135229,0.148946621,0.166646201,0.090374866,0.075973126,0.047941481
0.110748674,0.099637176,0.080449344,0.062988418,0.102550237,0.128924784,0.134471811,0.087862824,0.09159573,0.100771002
0.070748299,0.08148423,0.094545455,0.078936302,0.150896722,0.153642548,0.157575758,0.084081633,0.071317254,0.0567718
0.079446663,0.095913686,0.089499618,0.084402345,0.129470733,0.154504007,0.153286325,0.084331549,0.074929912,0.054215162
0.087426786,0.084866089,0.08223373,0.075683888,0.12289913,0.137494148,0.14649003,0.090498667,0.090360122,0.082047411
0.069396785,0.069837006,0.080199115,0.076846668,0.130576124,0.155070435,0.164698844,0.101555445,0.088777768,0.06304181
0.083530561,0.091976984,0.092964933,0.086081859,0.135913582,0.15676908,0.160601455,0.081891217,0.063847574,0.046422755
0.139023001,0.117631038,0.107900666,0.075664166,0.120379311,0.121567754,0.141053257,0.064695833,0.066206145,0.045878828
0.061741434,0.098689628,0.097114317,0.087053811,0.153753894,0.160896495,0.155490315,0.083527264,0.065787118,0.035945723
0.071605576,0.10105356,0.09430348,0.080103988,0.145248339,0.171746963,0.152028825,0.077701932,0.063684875,0.042522462
0.059583975,0.111185823,0.099039108,0.073552697,0.138429169,0.1496215,0.157451793,0.086089842,0.079582674,0.045463419
0.068902231,0.066305771,0.065615752,0.064171694,0.118106931,0.145842818,0.17955412,0.104832973,0.10300478,0.08366293
0.0490168,0.082187858,0.082665139,0.05980336,0.134975181,0.181366934,0.19840588,0.094406262,0.063287514,0.053885071
0.070681611,0.118437105,0.088821382,0.069800085,0.109041683,0.126464308,0.142528384,0.088773035,0.094698758,0.090753648
0.063573544,0.075863771,0.083859822,0.085439289,0.154195459,0.154491609,0.172112537,0.084402764,0.074728529,0.051332675
0.075476572,0.091052332,0.104561657,0.103476778,0.1588056,0.170119337,0.156093403,0.061450638,0.047037248,0.031926435
0.056799252,0.068466529,0.081813134,0.075227861,0.140569347,0.167679004,0.176471783,0.098423597,0.080655209,0.053894284
0.068439705,0.099372027,0.096232163,0.088864364,0.155889576,0.172645879,0.162324743,0.074781608,0.050906208,0.030543725
0.06360424,0.077683015,0.079459049,0.075555473,0.133628106,0.150962944,0.187390154,0.089486245,0.078256526,0.063974247
0.17725271,0.125285823,0.101985942,0.07964939,0.113577659,0.117356877,0.114170478,0.063024009,0.057439871,0.050257241
0.073500783,0.111455993,0.114628004,0.099530325,0.150609217,0.155727997,0.140085767,0.071404261,0.050969982,0.032087673
0.07656048,0.088839048,0.093324717,0.071162472,0.134437011,0.146810614,0.164658253,0.094693226,0.070630274,0.058883905
0.142206779,0.111481963,0.080280338,0.064800361,0.095721125,0.099548664,0.110515281,0.067086433,0.087223467,0.14113559
0.093119405,0.108822637,0.086860871,0.074836899,0.138863602,0.146829009,0.163063268,0.070664543,0.078098923,0.038840844
0.062950204,0.089536138,0.087256847,0.086073703,0.13677489,0.162438668,0.164857153,0.090510492,0.069266103,0.050335804
0.050770215,0.069252501,0.068899366,0.060457548,0.113828549,0.13239196,0.164632168,0.109819997,0.115718294,0.114229404
0.081567654,0.089522556,0.086427322,0.081702229,0.145864797,0.151098285,0.169056626,0.081119069,0.065134501,0.048506961
0.135656267,0.129810977,0.10100205,0.070371214,0.135238746,0.11299628,0.130570106,0.069801867,0.059098155,0.055454338
0.133852732,0.145690437,0.107561253,0.101119186,0.134980911,0.129102934,0.117968297,0.057537136,0.043729204,0.02845791
0.059760956,0.079226242,0.079256578,0.081713754,0.136712035,0.170768702,0.175581936,0.091370558,0.080732906,0.044876332
0.070413146,0.092078133,0.103069529,0.092736997,0.15298814,0.163452446,0.155786373,0.073343152,0.057266879,0.038865204
0.071446078,0.072867647,0.080514706,0.084779412,0.139926471,0.149436275,0.168627451,0.100245098,0.085245098,0.046911765
0.053585748,0.087849064,0.085225268,0.080157299,0.137168738,0.156709285,0.163907083,0.08700868,0.083801105,0.06458773
0.049046865,0.086434885,0.074616603,0.075094915,0.12862595,0.159676343,0.178709157,0.096678724,0.09605094,0.055065618
0.051990474,0.079962534,0.072883622,0.066576611,0.119527257,0.138180004,0.165163653,0.108377027,0.108311133,0.089027685
0.080046942,0.151314074,0.085146765,0.069470604,0.103141027,0.112978471,0.120454348,0.082785199,0.096259164,0.098403408
0.055015497,0.096435616,0.082135813,0.075490749,0.127735512,0.169155631,0.166150089,0.08798253,0.086127548,0.053771015
0.047231429,0.074285209,0.067921693,0.059976137,0.098599143,0.131954572,0.15901719,0.105271996,0.128154138,0.127588493
0.064549534,0.080720108,0.099360081,0.078383474,0.144897905,0.177531133,0.17142402,0.078410026,0.06709859,0.037625129
0.086273885,0.09410828,0.087292994,0.087563694,0.128901274,0.143566879,0.156289809,0.087420382,0.07183121,0.056751592
0.051629769,0.066171064,0.079609509,0.081835634,0.135242219,0.15768728,0.180551017,0.094099747,0.07993628,0.073237481
0.138030851,0.168609395,0.103158876,0.064770564,0.102731476,0.109103625,0.114756965,0.069763376,0.064323736,0.064751136
0.063759797,0.079196781,0.08057934,0.073895383,0.131400294,0.149068441,0.170836591,0.102109117,0.088474227,0.060680028
0.056831112,0.058090865,0.060224317,0.051202861,0.104356307,0.152409785,0.187337451,0.115429941,0.11573472,0.09838264
0.066875975,0.09297792,0.100057457,0.076623163,0.146125749,0.155955019,0.16580481,0.078244275,0.066034638,0.051300993
0.037209302,0.061096346,0.067973422,0.062325581,0.125182724,0.145149502,0.187209302,0.11744186,0.112325581,0.084086379
0.046390241,0.066995093,0.069125955,0.06681915,0.126952476,0.140969249,0.18565871,0.119758372,0.105878443,0.07145231
0.09106138,0.099023349,0.095537158,0.091100188,0.154200893,0.162311623,0.155222819,0.07092038,0.05491236,0.025709851
0.187557945,0.142777675,0.105599852,0.078713147,0.110050065,0.107268682,0.129241609,0.057574634,0.044131281,0.03708511
